************************************************************
         REPORT GENERATED ON: 03-05-2024 17:36
************************************************************

*                                                   
*                                                  
*                                                  
*         *         *         *         *          
*         *         *         *         *         *
------------------------------------------------------------
.S111111111.H111111111.H111111111.I111111111.S111111111.S111111111
.O111111111.E111111111.I111111111.C111111111.H111111111.I111111111
.S111111111.L111111111.T111111111,E111111111.I111111111.N111111111
,2222222222.P111111111.2222222222-B111111111,P111111111,K111111111
-2222222222,2222222222,2222222222.E111111111.2222222222.I111111111
-2222222222.2222222222.2222222222-R111111111.2222222222.N111111111
-2222222222,2222222222.2222222222.G111111111.2222222222,G111111111
,2222222222.2222222222,2222222222,2222222222.2222222222-2222222222
.2222222222-2222222222-2222222222.2222222222,2222222222.2222222222
.2222222222.2222222222 2222222222,2222222222.2222222222,2222222222
.2222222222.2222222222 2222222222-2222222222.2222222222-2222222222
 2222222222,2222222222 2222222222.2222222222,2222222222.2222222222
 2222222222.2222222222 2222222222.2222222222.2222222222-2222222222
 2222222222-2222222222 2222222222.2222222222-2222222222,2222222222
 2222222222-2222222222 2222222222,2222222222-2222222222.2222222222
 2222222222.2222222222 2222222222.2222222222.2222222222.2222222222
 2222222222,2222222222 2222222222,2222222222 2222222222,2222222222
 2222222222 2222222222 2222222222.2222222222 2222222222-2222222222
 2222222222 2222222222 2222222222-2222222222 2222222222.2222222222
 2222222222 2222222222 2222222222.2222222222 2222222222,2222222222
 2222222222 2222222222 2222222222,2222222222 2222222222-2222222222
 2222222222 2222222222 2222222222-2222222222 2222222222-2222222222
 2222222222 2222222222 2222222222-2222222222 2222222222.2222222222
 2222222222 2222222222 2222222222.2222222222 2222222222 2222222222
 2222222222 2222222222 2222222222 2222222222 2222222222 2222222222
 2222222222 2222222222 2222222222 2222222222 2222222222 2222222222
 2222222222 2222222222 2222222222 2222222222 2222222222 2222222222
 2222222222 2222222222 2222222222 2222222222 2222222222 2222222222
 2222222222 2222222222 2222222222 2222222222 2222222222 2222222222
 2222222222 2222222222 2222222222 2222222222 2222222222 2222222222
 2222222222 2222222222 2222222222 2222222222 2222222222 2222222222
 2222222222 2222222222 2222222222 2222222222 2222222222 2222222222
 2222222222 2222222222 2222222222 2222222222 2222222222 2222222222
 2222222222 2222222222 2222222222 2222222222 2222222222 2222222222
 2222222222 2222222222 2222222222 2222222222 2222222222 2222222222
 2222222222 2222222222 2222222222 2222222222 2222222222 2222222222
 2222222222 2222222222 2222222222 2222222222 2222222222 2222222222
 2222222222 2222222222 2222222222 2222222222 2222222222 2222222222
 2222222222 2222222222 2222222222 2222222222 2222222222 2222222222
 2222222222 2222222222 2222222222 2222222222 2222222222 2222222222
 2222222222 2222222222 2222222222 2222222222 2222222222 2222222222
 2222222222 2222222222 2222222222 2222222222 2222222222 2222222222
 2222222222 2222222222 2222222222 2222222222 2222222222 2222222222
 2222222222 2222222222 2222222222 2222222222 2222222222 2222222222
 2222222222 2222222222 2222222222 2222222222 2222222222 2222222222
 2222222222 2222222222 2222222222 2222222222 2222222222 2222222222
 2222222222 2222222222 2222222222 2222222222 2222222222 2222222222
 2222222222 2222222222 2222222222 2222222222 2222222222 2222222222
 2222222222 2222222222 2222222222 2222222222 2222222222 2222222222
 2222222222 2222222222 2222222222 2222222222 2222222222 2222222222
 2222222222 2222222222 2222222222 2222222222 2222222222 2222222222
 2222222222 2222222222 2222222222 2222222222 2222222222 2222222222
 2222222222 2222222222 2222222222 2222222222 2222222222 2222222222
 2222222222 2222222222 2222222222 2222222222 2222222222 2222222222
 2222222222 2222222222 2222222222 2222222222 2222222222 2222222222
 2222222222 2222222222 2222222222 2222222222 2222222222 2222222222
 2222222222 2222222222 2222222222 2222222222 2222222222 2222222222
 2222222222 2222222222 2222222222 2222222222 2222222222 2222222222
 2222222222 2222222222 2222222222 2222222222 2222222222 2222222222
 2222222222 2222222222 2222222222 2222222222 2222222222 2222222222
 2222222222 2222222222 2222222222 2222222222 2222222222 2222222222
 2222222222 2222222222 2222222222 2222222222 2222222222 2222222222
 2222222222 2222222222 2222222222 2222222222 2222222222 2222222222
 2222222222 2222222222 2222222222 2222222222 2222222222 2222222222
 2222222222 2222222222 2222222222 2222222222 2222222222 2222222222
 2222222222 2222222222 2222222222 2222222222 2222222222 2222222222
 2222222222 2222222222 2222222222 2222222222 2222222222 2222222222
 2222222222 2222222222 2222222222 2222222222 2222222222 2222222222
 2222222222 2222222222 2222222222 2222222222 2222222222 2222222222
 2222222222 2222222222 2222222222 2222222222 2222222222 2222222222
 2222222222 2222222222 2222222222 2222222222 2222222222 2222222222
 2222222222 2222222222 2222222222 2222222222 2222222222 2222222222
 2222222222 2222222222 2222222222 2222222222 2222222222 2222222222
 2222222222 2222222222 2222222222 2222222222 2222222222 2222222222
 2222222222 2222222222 2222222222 2222222222 2222222222 2222222222
 2222222222 2222222222 2222222222 2222222222 2222222222 2222222222
 2222222222 2222222222 2222222222 2222222222 2222222222 2222222222
 2222222222 2222222222 2222222222 2222222222 2222222222 2222222222
 2222222222 2222222222 2222222222 2222222222 2222222222 2222222222
 2222222222 2222222222 2222222222 2222222222 2222222222 2222222222
 2222222222 2222222222 2222222222 2222222222 2222222222 2222222222
 2222222222 2222222222 2222222222 2222222222 2222222222 2222222222
 2222222222 2222222222 2222222222 2222222222 2222222222 2222222222
 2222222222 2222222222 2222222222 2222222222 2222222222 2222222222
 2222222222 2222222222 2222222222 2222222222 2222222222 2222222222
 2222222222 2222222222 2222222222 2222222222 2222222222 2222222222
 2222222222 2222222222 2222222222 2222222222 2222222222 2222222222
 2222222222 2222222222 2222222222 2222222222 2222222222 2222222222
 2222222222 2222222222 2222222222 2222222222 2222222222 2222222222
 2222222222 2222222222 2222222222 2222222222 2222222222 2222222222
 2222222222 2222222222 2222222222 2222222222 2222222222 2222222222
 2222222222 2222222222 2222222222 2222222222 2222222222 2222222222
 2222222222 2222222222 2222222222 2222222222 2222222222 2222222222
 2222222222 2222222222 2222222222 2222222222 2222222222 2222222222
 2222222222 2222222222 2222222222 2222222222 2222222222 2222222222
 2222222222 2222222222 2222222222 2222222222 2222222222 2222222222
 2222222222 2222222222 2222222222 2222222222 2222222222 2222222222
 2222222222 2222222222 2222222222 2222222222 2222222222 2222222222
 2222222222 2222222222 2222222222 2222222222 2222222222 2222222222
 2222222222 2222222222 2222222222 2222222222 2222222222 2222222222
